time,x,y,z,phi,theta,psi,x_velocity,y_velocity,z_velocity,phi_velocity,theta_velocity,psi_velocity,rotor_speed1,rotor_speed2,rotor_speed3,rotor_speed4
0.06,-1.2238716743462558e-06,-5.132366133263485e-08,10.001969637727193,6.283102370830385,0.0008890740853688683,0.0,-9.350892743554512e-05,-5.580589484171421e-06,0.06565246156534338,-0.004301207533963406,0.034521996653328495,0.0,423.8141129436529,426.7703939308753,426.61422564430956,426.24690381733717
0.12000000000000001,-3.184062312610884e-05,-2.9650227684567943e-06,10.007572338251265,6.282756237451732,0.0033492986848902007,0.0,-0.0011455362267429078,-0.00012020001711380478,0.1210990721551091,-0.008879001673828555,0.051548367499095894,0.0,422.0279867162116,423.4957245650676,422.5084436061895,422.11374946026257
0.18,-0.00018517075250978074,-2.1066668206709448e-05,10.018433968611674,6.28251968837996,0.007286667040573569,0.0,-0.004343900035669845,-0.000521993120606869,0.2409350986353726,0.004450406697592495,0.08463737852827603,0.0,441.7696197730538,444.4920927375104,442.67347580971966,443.76884535810757
0.23999999999999996,-0.0006363486948003736,-6.625153510327423e-05,10.038320252020334,6.283087388259478,0.012811689775745982,0.0,-0.011302867385981151,-0.0009348236732841915,0.4218855175099378,0.01796278115861907,0.1038811528646865,0.0,460.85894514068997,462.3838762152549,461.7749348275796,462.8393309627627
0.3,-0.0016124563464975613,-0.0001202512177557215,10.06729601973611,0.0006856489973738888,0.019203674395225967,0.0,-0.02189836497968885,-0.0007646160243832284,0.5439126137366597,0.0007976921554421401,0.11136581611459673,0.0,443.8224204889995,444.4461290925132,444.70046539875653,443.29231579837335
0.36000000000000004,-0.0032944315060718906,-0.00015369281796128692,10.100279250915046,0.0005873250367063321,0.025781568625930618,0.0,-0.03475713522868331,-0.0003519067213234297,0.5555099415149795,-0.007021435510106576,0.10591908799223254,0.0,408.4038136111169,407.9295608089684,408.68648506240464,407.98909804020485
0.4200000000000001,-0.006116827669180617,-0.00015964860973309726,10.143271187638952,0.0008640034254288054,0.03235804488764504,0.0,-0.0601907644492257,0.0001524697216839418,0.8773390558758114,0.02122772782708092,0.11611362647456526,0.0,502.3864412429504,503.13399534596834,501.9054020425984,503.9511395362035
0.48000000000000015,-0.010503197453324339,-0.00012427674268553348,10.2012746352347,0.0027611057961483,0.039294664641195354,0.0,-0.08680671460713742,0.0012127814026103084,1.0559323431729424,0.04690317168947158,0.11458522227270822,0.0,462.2542256176838,462.1451703844019,460.9891408707401,463.013566977867
0.5400000000000001,-0.016537858791906286,1.5210622742818894e-05,10.267328653481377,0.005345720938818133,0.04597105302728899,0.0,-0.11502736145464362,0.0037090616748366783,1.1457512892334243,0.034050242302724534,0.10366103768927505,0.0,435.1940807610362,434.2900654195723,435.76791287257765,434.6933579818328
0.6000000000000002,-0.024445585787898173,0.00036024443133211484,10.339745116853416,0.007738064652651033,0.05225284147246434,0.0,-0.14921616077265284,0.008026716236774829,1.2679674557584453,0.04951981807318461,0.10668923278849704,0.0,445.3819407817402,445.6390467287753,444.82134010511624,446.0870015782302
0.6600000000000003,-0.0344631897708567,0.0010071892044719285,10.418053044934098,0.01015673254745142,0.05909809142038469,0.0,-0.1853534056189093,0.013816863495831784,1.3421710795990596,0.006420776918804336,0.12582184511152505,0.0,430.1137108870036,431.7426886946252,432.08698972916204,428.43925425080766
0.7200000000000003,-0.046853409311936864,0.002050569666653071,10.501868028495386,0.010075292461380059,0.06659583380812695,0.0,-0.22842455491607094,0.020984956926964695,1.4514759827688823,-0.025298760297403636,0.12318738873263499,0.0,442.5881287925277,442.38554169348157,442.99247130374584,440.37676490341
0.7800000000000004,-0.06188372049710268,0.0035001553936509027,10.59074678471206,0.008561926336650316,0.07419366241860637,0.0,-0.273302103208802,0.02718773418930032,1.5110178107636643,-0.025071237621999153,0.13274828430057403,0.0,426.91151828896454,427.74171244477714,425.7324978559391,425.7518244098012
0.8400000000000004,-0.07990988453045376,0.005309077566815958,10.685206250582933,0.006944970188050625,0.08234416188756111,0.0,-0.32841239671650885,0.032942642156275154,1.6373851067413454,-0.030997409467683413,0.1413984223762243,0.0,447.6557706141775,448.3758662833723,448.51021923847037,448.02852862121637
0.9000000000000005,-0.10166685432197928,0.007446671092461724,10.790168671226168,0.005216366071250533,0.09037050289572957,0.0,-0.3977955870572628,0.03809215547733467,1.860927616577991,-0.02476023938699108,0.11067724150717333,0.0,478.7666803259785,476.43831791996354,478.0903401473266,478.565110055884
0.9600000000000005,-0.12802849115992046,0.009866235100176477,10.911288935225965,0.0033257368815622357,0.09719653967320774,0.0,-0.48177915458168485,0.04233835298590205,2.1757673181023014,-0.05055037201277273,0.11931967628406133,0.0,504.9009599880436,505.5338308780916,505.3129975108997,503.45020962019873
1.0200000000000005,-0.15870089244833044,0.01245568196921026,11.042004408314142,6.475303969200041e-05,0.1047813684609542,0.0,-0.5412877060563682,0.04370038798935474,2.181324068913924,-0.063299553853512,0.13775670671465287,0.0,411.17642034523914,412.8221843757587,412.147945427608,411.01733705287563
1.0800000000000005,-0.19379747264569858,0.01506272477729967,11.17973267111545,6.279953354294804,0.11304750829023202,0.0,-0.6295517268551578,0.042777127400206325,2.4090294430953247,-0.04201660594415435,0.13779353962067248,0.0,481.463991858134,481.4827628426245,481.0251603858277,482.6321818996389
1.1400000000000006,-0.23383279651497593,0.017556909512382157,11.32622511809312,6.276951628092208,0.12081795755700675,0.0,-0.7057329912377721,0.04010495698853102,2.4737938797533627,-0.07524651601744067,0.10269180639388086,0.0,434.2162605607936,431.2766568311629,434.5419697969591,431.7454171614346
1.2000000000000006,-0.27897564287886223,0.019802003567607866,11.47977089682062,6.272123949872883,0.12720261731041216,0.0,-0.7996927996775428,0.03421339611218108,2.643892438515942,-0.09373015797618897,0.11296419929879155,0.0,465.77407316049005,466.5860211473605,467.2775021350726,465.8293605712115
1.2600000000000007,-0.32921649057229474,0.021643955725049405,11.63816344375874,6.266650781838525,0.13438744467824293,0.0,-0.8756140164869917,0.026709213527137624,2.6357613373895346,-0.08662251928369914,0.13068468187785884,0.0,409.6880714076792,411.274643352309,409.9148915236237,410.5382495480803
1.3200000000000007,-0.384549244906919,0.022890250095112454,11.799019325328173,6.261773832748204,0.14247781952542482,0.0,-0.9695902840369394,0.014335874582212194,2.725725014062543,-0.07231449509706424,0.14206224012905225,0.0,442.80039417267653,443.75209514325803,442.0393615292077,443.211385973154
1.3800000000000008,-0.4458888832885895,0.02326776232349598,11.96661558639023,6.2571211990349855,0.15112300395557554,0.0,-1.0759423459479716,-0.0022187447975380893,2.860284318041931,-0.09086194313459792,0.14785091006844822,0.0,457.2207398268863,457.70039604239776,458.7403440864484,457.26044461298545
1.4400000000000008,-0.5132990872343476,0.022635755377648437,12.138992109575709,6.251755199292486,0.1597548182589108,0.0,-1.1718599488729684,-0.019332921027803516,2.885341309852543,-0.08672095493192734,0.13438948254285457,0.0,424.5259483524705,423.3895907974736,423.5591328351929,423.9080099215861
1.5000000000000009,-0.5867784253642297,0.02084918637197431,12.313791405592179,6.246766039282541,0.16782169251404433,0.0,-1.2782076039069101,-0.04069368378716296,2.940948739518944,-0.07683485179032261,0.13456436379920986,0.0,434.241480736109,434.2732855312653,434.3042469819215,435.1268055453971
1.560000000000001,-0.6672660277197247,0.017586038654673796,12.49462785821684,6.242494445152477,0.17585228304298717,0.0,-1.405530893757616,-0.06853476502467398,3.0862888607744896,-0.06179935268259209,0.1323619911789057,0.0,464.3165300734821,464.1593836663988,462.289746142461,463.4692264680219
1.620000000000001,-0.7556902754664525,0.012536788361535656,12.68479564314139,6.238230748028702,0.18362737183139277,0.0,-1.542748689812443,-0.10017036690019095,3.2518916584148587,-0.10544018447811881,0.12336176814674706,0.0,470.3758423334446,469.69265362261774,473.7600637382497,470.38815587477103
1.680000000000001,-0.8519761690783038,0.005618794703231572,12.88192033495535,6.232105443200236,0.19076928770660118,0.0,-1.6674658299572762,-0.13101257969736543,3.3184711362392676,-0.09611468082134796,0.10855469310413987,0.0,442.15574921934865,440.94687397956875,441.68175299504617,442.4410733135181
1.740000000000001,-0.9555727326605491,-0.00318202723680946,13.081378965134101,6.226104911345097,0.19755551234728586,0.0,-1.7863569848564282,-0.1628561895964693,3.3298673875346063,-0.10922183235133687,0.12092010527630115,0.0,423.6239929069186,424.69795214478825,425.7609015134912,424.6287027347149
1.8000000000000012,-1.067470423957623,-0.014301868367752737,13.286617939902596,6.219378023871318,0.20472722225044038,0.0,-1.9442893716124807,-0.20850937360769464,3.5105179459870013,-0.11863314269152767,0.11659197084944067,0.0,479.3481038052538,479.0307976675778,478.7558422874486,478.0289641884417
1.8600000000000012,-1.1893032373816683,-0.02840456502184161,13.504014428425041,6.212707360452637,0.21190839197193512,0.0,-2.1175168571480794,-0.2623350771480203,3.734889405679566,-0.09937052181226434,0.1252450153435616,0.0,492.6710386413827,493.3217451062089,493.3216830719961,494.73224364946896
1.9200000000000013,-1.3210480745355277,-0.04566994231568845,13.731741561504643,6.2076677587747024,0.21893446105391323,0.0,-2.2746755297368635,-0.3136888543284411,3.855209698597329,-0.06379944864115764,0.09114323080534913,0.0,465.59478584919265,462.9299424706929,463.7966869411905,466.57623796173937
1.9800000000000013,-1.463366830105588,-0.06645169638509973,13.971072129618056,6.2042225711062855,0.22431966284975502,0.0,-2.4697675139829345,-0.37939096031340186,4.121099718229743,-0.047013274822000684,0.08681987580055618,0.0,510.1505477261655,509.8473213979028,507.89396547735606,509.0946403696015
2.0400000000000014,-1.6154699970696738,-0.09053948225958384,14.217307391661194,6.201668861263062,0.22941357570725174,0.0,-2.6008215905494354,-0.42374426914455,4.086581355538777,-0.03488675452816025,0.08075173494144293,0.0,419.78800776790047,419.26742270691904,417.8313851368086,418.8862310034021
2.1000000000000014,-1.7760175483323797,-0.11749594701392646,14.463500019031422,6.1995358237493505,0.2343199093817825,0.0,-2.7512143662712782,-0.47496493922979727,4.119389737292659,-0.036912252593854965,0.08373765040927701,0.0,442.09109580037114,442.3425333828551,441.59288223093046,441.42518523398246
2.1600000000000015,-1.9465447181779811,-0.14786120858563212,14.715159431777977,6.197357497664754,0.23905135044737147,0.0,-2.9334472645414826,-0.5373716000182005,4.2682781771872875,-0.03511887047704534,0.06667839676166727,0.0,479.88559656259594,478.59318865074664,479.1587688840228,479.2946093287604
2.2200000000000015,-2.1277428548437336,-0.1818826233679679,14.97416662177805,6.195128110058143,0.24303475306827238,0.0,-3.106836416841651,-0.5968341425865534,4.3645370149840765,-0.04157832886767162,0.06580730217158048,0.0,465.44392480273183,465.3787976689117,465.07493568430175,464.5680779711453
2.2800000000000016,-2.3187225911453564,-0.2192593913788928,15.236025705897111,6.193591806891572,0.24700046955580923,0.0,-3.259546834798351,-0.6491991077794288,4.363761465885631,-0.004883542075683976,0.06666480830318695,0.0,435.7828422762823,435.85786108633465,433.7431302343655,436.81404400734885
2.3400000000000016,-2.5200782589508526,-0.2601941552824879,15.502232851307982,6.194076946824181,0.2506025186095595,0.0,-3.452613842336911,-0.7151889678979456,4.508799819994276,0.026050581056878033,0.04150457445574658,0.0,483.866309596893,481.9703384092426,480.5998169594782,482.93900334834296
2.4000000000000017,-2.732286466409429,-0.30478406470666813,15.773904058726975,6.195603576678774,0.2530225904630461,0.0,-3.621242455690704,-0.7709625917234685,4.546432266037707,0.02420201684111226,0.03788596269244976,0.0,451.0255359818172,450.7339537647136,451.15522122787735,451.00602175285564
2.4600000000000017,-2.9546099552519314,-0.35266746635824975,16.047535786818916,6.19707675052593,0.25552501691892004,0.0,-3.789798932595481,-0.8249867996191446,4.574183948098515,0.0252454984117683,0.04842234079632974,0.0,448.3755247518063,449.2317393116684,448.79319321011553,448.87797355051356
2.520000000000002,-3.1885718354746033,-0.40423955573257053,16.328330136131587,6.198650969599811,0.2584646203185894,0.0,-4.009083947546671,-0.8937908029492306,4.784248801979934,0.028149430892764424,0.05011134018828648,0.0,504.5408560308557,504.66396955509794,505.94390243753514,506.15301125239455
2.580000000000002,-3.434362683344364,-0.4594477449896261,16.616333672840014,6.200498425910368,0.2615271591253183,0.0,-4.184260651029699,-0.9462861154332715,4.815345820712464,0.035609320848283645,0.052841491049126645,0.0,453.0810268171566,453.30211566965,454.1943667265345,454.7926629592961
2.640000000000002,-3.691331807327046,-0.5179478232714789,16.908333686256995,6.20270950647032,0.2646034572001881,0.0,-4.381641101198297,-1.0034311670294722,4.91707615023583,0.039225840031886616,0.047932253935068676,0.0,477.5005958243082,477.12735725338166,476.67386958311107,476.95072936003737
2.700000000000002,-3.958702667127269,-0.5793780532387162,17.2007721135222,6.204673965536507,0.26713725162186375,0.0,-4.531143524752147,-1.0440982387928834,4.830945047392231,0.014804155602144415,0.027271940311192046,0.0,417.84911171492575,416.0447462514856,419.745929990236,417.62113480341435
2.760000000000002,-4.235873780420314,-0.6434408319366065,17.49078590550994,6.205661150454159,0.2687101208708853,0.0,-4.708145133040315,-1.091228302796271,4.83579493494145,0.019562119719992756,0.024011284132448994,0.0,448.8686009584947,448.603992261696,447.6403910728676,448.02739048077905
2.820000000000002,-4.52343446493428,-0.7102309961876573,17.779995831646534,6.206491344948462,0.269925128990514,0.0,-4.877498102226381,-1.1350243162027156,4.804341577005038,-0.0012098801021220877,0.011404011785533137,0.0,437.1850353834813,436.1330813654659,438.52742209214745,436.7981165307926
2.880000000000002,-4.823044490933526,-0.7801452942851654,18.073869194848445,6.2060774330388035,0.27241081707832127,0.0,-5.109575356387374,-1.1953813655471257,4.9900209229233745,-0.0218140171530112,0.07143665652823902,0.0,503.39456382097603,507.72125068953267,504.98623792442004,503.4976332888783
2.940000000000002,-5.134719267132236,-0.8531521624589417,18.371831651684616,6.2048721168679,0.27685597249107285,0.0,-5.280111179785682,-1.2382733643604025,4.941780043376724,-0.016843912025269962,0.07891552223778368,0.0,435.7116401408385,436.3409682259294,434.33395758754847,434.75070259596276
3.000000000000002,-5.45791124707047,-0.9290729485933428,18.670951283505605,6.203701681794124,0.28161768586730673,0.0,-5.493396616941904,-1.292456829141142,5.027781673264946,-0.025450813947434307,0.08023948054138115,0.0,479.03429399398374,479.13952516568725,479.1096147976709,478.4547147583156
3.0600000000000023,-5.794490385465225,-1.0083929265133673,18.976725660319204,6.202092137349327,0.28620504761886867,0.0,-5.726294972703612,-1.3516105219447576,5.163256698801462,-0.029727628691710497,0.0675527144503488,0.0,496.0371155332585,495.10831180102474,496.70135766837325,496.3874667043754
3.1200000000000023,-6.143837102213443,-1.0909246147424747,19.286013723914767,6.200492762313392,0.29085590765035896,0.0,-5.919114380935821,-1.3995592256843308,5.145791676602082,-0.02113027319793986,0.0923172846558909,0.0,449.8888489957785,451.8945076984198,451.9687160479882,452.6611106924623
3.1800000000000024,-6.50535628747436,-1.1764880967196258,19.59576327210238,6.198936582172529,0.29682164298497504,0.0,-6.1320967406918205,-1.452622334129574,5.17823271740251,-0.03788671233570179,0.11079680984804086,0.0,468.44149169182,469.88440403412733,469.1823082364204,467.87910734122835
3.2400000000000024,-6.8790823331335975,-1.2650635190290866,19.905009769102648,6.196616553800329,0.303493989858997,0.0,-6.3261442351076855,-1.5000460450110966,5.129434873196719,-0.040275132963404355,0.11201071806747483,0.0,444.89717559038763,445.0075156645825,444.6828547278144,444.4863760569203
3.3000000000000025,-7.263383496993584,-1.356181217607694,20.20737756444763,6.194440559877904,0.3102035909095555,0.0,-6.48473106767527,-1.5373888004226355,4.949733267510769,-0.02926193435843772,0.11145639163513134,0.0,400.05496313115884,400.0170813112744,399.96779712125925,400.96909173125
3.3600000000000025,-7.657808803310307,-1.4496940951586064,20.500366313289934,6.192556230002568,0.31681474335491977,0.0,-6.663584154001273,-1.579842851826046,4.816471455981442,-0.03607902956750981,0.10751791802652685,0.0,417.4573665487368,417.12505035448993,416.15809532336135,415.5603568077913
3.4200000000000026,-8.06372701765725,-1.5459485415488352,20.78714989555926,6.190603625634896,0.32353158480459143,0.0,-6.867779203905796,-1.628771436799664,4.742480099019802,-0.026274530824933116,0.11958543817815544,0.0,436.60419226530826,437.62137121991395,437.3714115408499,438.1870033489033
3.4800000000000026,-8.481350082373549,-1.6449684369477091,21.067308352540262,6.189109492857595,0.33054551325989756,0.0,-7.0538553895985165,-1.672006805265088,4.596027703947465,-0.022290219690166268,0.1109028199328025,0.0,413.92538663402746,413.1736860949725,412.8956309828299,413.2469401707512
3.5400000000000027,-8.911421436250583,-1.74690749643038,21.341861610530223,6.188194039913419,0.33694259538310156,0.0,-7.282599237197586,-1.7260040000568715,4.554965407583747,-0.003985119180867305,0.09627321857198974,0.0,451.2585769555787,450.08548891505296,448.6504610355452,450.13467555261195
3.6000000000000028,-9.354840535185797,-1.8519474766622432,21.612309177956348,6.188269173873014,0.3424099539789518,0.0,-7.498812805261165,-1.775323918540175,4.459534441096679,0.01007922306989353,0.07806830975680815,0.0,434.01738930506014,432.4934231453506,432.8282996959822,434.0106493801221
3.660000000000003,-9.812416124727607,-1.9602142703215002,21.879812126612475,6.188462658806667,0.34794536411643406,0.0,-7.754349154857125,-1.8334663322029265,4.456220830768748,-0.016271571824271927,0.11137430927660309,0.0,464.58275019652683,467.19382007947445,465.15208213900166,463.0833908804461
3.720000000000003,-10.28456922334237,-2.071724323729968,22.14445807269692,6.188093927477468,0.35428681637237514,0.0,-7.984927774156832,-1.883556403875279,4.36471260392545,0.008848480549885223,0.09081213671565634,0.0,438.94839088322925,437.2479579126804,436.9918545614987,439.0814610018481
3.780000000000003,-10.7708015792878,-2.1862569490752826,22.403701348793533,6.18831852739485,0.36031689990288474,0.0,-8.223638781971045,-1.934145887612442,4.276124317448667,-0.00917463431477324,0.11499412333735745,0.0,439.6748065798637,441.6827978401014,440.8460403867316,439.353826958803
3.840000000000003,-11.27281639967226,-2.3041420387982474,22.660887705479315,6.1878413527327965,0.3670417416957683,0.0,-8.510920079200451,-1.9952998944841343,4.295296986448868,-0.005614990864710577,0.10550994428893438,0.0,477.49829028094445,476.78421087160694,477.41974209519793,477.6914510264099
3.900000000000003,-11.791303580714088,-2.4254585607236665,22.916579766706665,6.187678591283454,0.37315635200473984,0.0,-8.77282233536328,-2.048554644986638,4.226872933729357,0.0025383155433463624,0.0935188886715529,0.0,453.5436850673097,452.58804247168734,450.52199698087986,451.180985992235
3.960000000000003,-12.325272926930472,-2.5498648939781376,23.166970269921617,6.1878254622395445,0.3784575315294356,0.0,-9.027045792213526,-2.0982918908994974,4.118842860276584,0.0022662870084585434,0.07524753374694797,0.0,441.17345151304,439.668232340187,440.5974467856688,440.5748985866866
4.020000000000002,-12.875332258952339,-2.677406097108376,23.41239489944843,6.188485254805091,0.38304302566807724,0.0,-9.309049211085284,-2.152997930711795,4.0610201973178155,0.024381516020576352,0.07868011342618592,0.0,459.0380182914626,459.3148059309901,457.72423687115963,459.4812504402412
4.080000000000001,-13.443402051655177,-2.8084225894871797,23.656441918987976,6.189477303991872,0.3879986672364675,0.0,-9.627297615984364,-2.214005258367936,4.07237713873181,-0.007779582933564054,0.08945060655176384,0.0,482.4501625829634,483.2678106382225,485.1348865298314,482.71331023646496
4.14,-14.032080780732064,-2.943381066053905,23.90418885765183,6.189123778118098,0.39377684931493206,0.0,-9.995852713767798,-2.2844704406591623,4.183455690382629,-0.002361564567615387,0.10733390143861576,0.0,517.1704798795494,518.4352078932335,516.1597314565189,516.5421522301228
4.199999999999998,-14.640206202956845,-3.0819094846756814,24.15146943580014,6.189350155546119,0.4008184661455223,0.0,-10.276036194324776,-2.333101220984746,4.05833940418759,0.013852015586940717,0.13223166721052848,0.0,446.08981642983326,448.1308513092282,446.69906128798897,448.0196587033969
4.259999999999997,-15.265675609026781,-3.223411676307443,24.391793977218978,6.190336493927838,0.40890836592794333,0.0,-10.574009619622949,-2.383510644418756,3.951277612516436,0.02116676762865271,0.13957666631793098,0.0,455.28094327376823,455.88465943142194,455.3093016174004,455.89423260618605
4.319999999999996,-15.909853397429456,-3.368039670165088,24.62684465370421,6.192159847089233,0.41748338250155115,0.0,-10.899610226785944,-2.437202991203225,3.882123672187279,0.04435202406221278,0.14887043396443214,0.0,470.6620947691309,471.39876506744974,470.07730424447846,471.87131716412733
4.379999999999995,-16.573977515108812,-3.5158776978779263,24.857855996902384,6.195439539896562,0.42715460441745723,0.0,-11.238922571567754,-2.490390106356773,3.816427495523551,0.06985446891110082,0.178485463179897,0.0,475.22825414453064,477.5156645230913,474.2511580906902,476.2082341119848
4.439999999999993,-17.25567335697596,-3.66625902631832,25.077994904857555,6.200050347150164,0.43766079123426405,0.0,-11.485793259679959,-2.522171609291737,3.5213052535898184,0.08806173188415911,0.1673083053350297,0.0,398.8607221272379,397.87151999571813,398.1534861150849,399.8217561533527
4.499999999999992,-17.95565814642699,-3.8190664708589344,25.287085204003485,6.205025193389691,0.447894366932335,0.0,-11.848170318329664,-2.570913829041906,3.4463191912430133,0.06986812191163348,0.17636939774678684,0.0,477.93375629890545,478.6496406059543,478.0928120550455,476.7091204457839
4.559999999999991,-18.676096380872302,-3.974460742138523,25.4881108332464,6.209154218783555,0.45851892038128383,0.0,-12.167812981624532,-2.608610822424094,3.2532152756478014,0.06662869969688325,0.17845071598609208,0.0,442.4320246044278,442.63378043856824,442.3416084845541,442.07826584765087
4.6199999999999894,-19.41717017620351,-4.132233857294449,25.679640002141145,6.212884781934195,0.4697340174942539,0.0,-12.53588958982659,-2.6501330505305907,3.1290028737371602,0.051323211617879574,0.1999715155600321,0.0,468.8730903375997,470.5740147411912,469.77280341911484,468.58659664094984
4.679999999999988,-20.181066070183018,-4.292495777098708,25.86422533654505,6.215610001867743,0.4818487549708834,0.0,-12.928501198332699,-2.6916007259150154,3.0212936935086754,0.02973508364117887,0.20553005721111223,0.0,479.38221754408085,479.84119161996443,481.05230801031405,479.41522082499324
4.739999999999987,-20.96871860846514,-4.455179922096936,26.04174381847255,6.217634149620819,0.4939553688860041,0.0,-13.327787899477727,-2.7309506857969312,2.893361667566005,0.04072861584107997,0.19297021606295545,0.0,478.6518083899444,477.73130921162357,479.47760364839434,480.31272727909
4.799999999999986,-21.77841318559529,-4.619911638180483,26.2070710531499,6.220660123851694,0.5056904393644555,0.0,-13.663618917009817,-2.759940329614949,2.616100214381958,0.06494784766121138,0.2003509976664136,0.0,432.1586107870154,432.8189813964848,431.55254034515116,433.5944728843322
4.859999999999984,-22.60815293406257,-4.786297241489308,26.354689116771887,6.224380863877258,0.5177403546559525,0.0,-13.996076777412824,-2.786064391041478,2.303140957224303,0.05538163700338477,0.20177524958403523,0.0,422.6505902262027,422.81515298283705,423.44890833100413,422.62777756245384
4.919999999999983,-23.458733381382977,-4.954270271534282,26.484193754681534,6.227715298465878,0.5304890431577958,0.0,-14.358245472874613,-2.8128379630472575,2.011840093690598,0.05595555632253378,0.22808445351331177,0.0,433.2918665756308,435.54372578361654,435.2461762971496,435.29637923592463
4.979999999999982,-24.331578660599604,-5.123827911205604,26.59617063703107,6.23099069502285,0.5443794464907716,0.0,-14.73819900605079,-2.8388696941969345,1.7184985112784161,0.05170959607494529,0.23758638021606063,0.0,438.6821793465981,439.5246980692979,439.31141266675775,438.96107992438044
5.0399999999999805,-25.227957526774233,-5.294939911062746,26.690756159489645,6.2337341415836995,0.5594747939104279,0.0,-15.142622066511583,-2.864643287799851,1.4316608456149398,0.029732704301566975,0.2705131564900638,0.0,446.00301135395347,448.7467023368059,448.43722721368346,446.6488639570038
